#O1-N100100025
cam_num: 1
img_topic_0: /camera/rgb
Tcl_0: [
0.00639, -0.99997, 0.00497, 0.01271,
0.01173, -0.0049, -0.99992, -0.01065,
0.99991, 0.00645, 0.0117, 0.00237,
0, 0, 0, 1
]

cam_0:
  cam_model: FishPoly
  image_width: 1600  # 1920
  image_height: 1296  # 1080
  k2: 1.0834612319824382e-02
  k3: -7.3807435283718705e-02
  k4: 1.3632569116246046e-01
  k5: -1.6440773643557943e-01
  k6: 9.6169480978622490e-02
  k7: -2.3280630324060243e-02
  p1: 0.
  p2: 0.
  A11: 7.2934222170381644e+02
  A12: -3.2233198567144522e-01
  A22: 7.2929245390619871e+02
  u0: 7.9264697554224471e+02
  v0: 6.3386623438453375e+02
  isFast: 0
  numDiff: 3000
  maxIncidentAngle: 120
